1000
1
1
977
1 425 0
1 587 0
2 101 0
3 1000 0
4 673 0
6 862 0
9 973 0
10 526 0
10 602 0
11 981 0
12 554 0
12 854 0
14 996 0
15 193 0
15 314 0
15 414 0
16 261 0
16 544 0
17 469 0
17 782 0
18 193 0
20 879 0
21 567 0
23 635 0
23 907 0
23 912 0
25 356 0
25 583 0
26 272 0
26 544 0
27 535 0
28 105 0
29 157 0
34 420 0
37 74 0
37 926 0
38 680 0
39 637 0
40 12 0
40 273 0
41 718 0
42 421 0
42 557 0
44 644 0
45 486 0
46 909 0
49 135 0
49 311 0
50 111 0
50 825 0
51 764 0
53 751 0
54 578 0
56 272 0
56 994 0
59 338 0
59 812 0
60 455 0
60 707 0
60 879 0
61 175 0
61 500 0
62 787 0
63 421 0
63 654 0
69 392 0
70 196 0
70 607 0
70 900 0
71 389 0
73 686 0
77 93 0
79 52 0
81 209 0
81 338 0
82 273 0
83 535 0
84 451 0
85 653 0
85 738 0
85 852 0
87 604 0
89 86 0
90 38 0
90 377 0
91 472 0
91 980 0
92 170 0
92 845 0
93 201 0
94 702 0
94 723 0
94 947 0
96 352 0
96 893 0
97 106 0
97 456 0
99 598 0
99 894 0
100 32 0
100 897 0
103 960 0
104 8 0
104 947 0
105 360 0
105 985 0
107 867 0
111 334 0
111 917 0
112 197 0
112 299 0
113 522 0
115 141 0
115 692 0
115 835 0
117 377 0
118 189 0
119 15 0
119 330 0
120 660 0
121 189 0
121 545 0
122 17 0
124 573 0
126 746 0
127 235 0
127 293 0
130 634 0
134 495 0
135 65 0
136 363 0
136 550 0
139 26 0
139 366 0
141 709 0
143 427 0
150 708 0
151 256 0
152 518 0
152 627 0
152 964 0
153 37 0
153 104 0
154 217 0
155 92 0
156 533 0
157 23 0
158 40 0
159 556 0
159 669 0
162 488 0
163 464 0
163 549 0
164 777 0
165 614 0
166 96 0
167 313 0
167 850 0
168 105 0
168 853 0
168 927 0
169 570 0
169 775 0
169 829 0
170 111 0
170 405 0
171 564 0
172 848 0
176 614 0
176 811 0
176 829 0
179 546 0
179 838 0
179 957 0
180 410 0
181 887 0
183 904 0
185 125 0
185 319 0
185 997 0
187 673 0
188 44 0
189 369 0
190 968 0
192 983 0
193 156 0
194 850 0
195 102 0
197 985 0
198 758 0
200 344 0
200 653 0
201 232 0
201 453 0
202 424 0
204 388 0
205 149 0
205 371 0
205 818 0
206 865 0
206 968 0
208 29 0
208 533 0
209 448 0
210 370 0
210 722 0
211 146 0
211 189 0
211 466 0
211 994 0
213 646 0
213 707 0
214 745 0
215 569 0
217 276 0
219 38 0
219 352 0
220 58 0
220 127 0
220 748 0
220 847 0
221 855 0
223 206 0
223 677 0
224 428 0
224 697 0
225 561 0
226 831 0
231 622 0
232 461 0
233 243 0
233 284 0
235 177 0
235 720 0
235 754 0
236 937 0
237 718 0
238 244 0
239 464 0
239 479 0
240 222 0
244 324 0
244 992 0
245 225 0
245 327 0
245 618 0
246 379 0
251 23 0
251 301 0
252 402 0
253 628 0
253 737 0
253 852 0
255 891 0
256 53 0
256 134 0
256 325 0
256 659 0
258 141 0
259 161 0
259 817 0
260 481 0
261 461 0
262 542 0
266 382 0
266 708 0
267 834 0
268 355 0
269 304 0
269 875 0
270 783 0
270 878 0
271 529 0
272 279 0
273 357 0
273 531 0
274 205 0
274 888 0
276 225 0
276 270 0
276 623 0
277 107 0
277 192 0
277 464 0
279 496 0
280 163 0
280 968 0
281 99 0
283 211 0
285 201 0
285 289 0
285 367 0
285 465 0
286 109 0
288 590 0
289 157 0
290 595 0
291 728 0
291 970 0
292 824 0
294 164 0
294 349 0
295 421 0
296 325 0
297 295 0
298 893 0
298 984 0
299 878 0
299 965 0
300 183 0
303 453 0
304 92 0
305 170 0
305 577 0
305 933 0
306 610 0
306 652 0
307 407 0
307 427 0
308 967 0
309 284 0
310 251 0
310 487 0
310 805 0
313 408 0
314 514 0
315 565 0
318 813 0
319 84 0
319 100 0
319 507 0
321 122 0
321 152 0
321 173 0
321 265 0
321 333 0
321 571 0
323 591 0
323 796 0
327 129 0
328 830 0
329 388 0
329 535 0
333 466 0
335 155 0
335 800 0
337 456 0
337 875 0
339 124 0
339 652 0
340 93 0
340 351 0
342 579 0
342 600 0
343 276 0
343 798 0
345 729 0
347 221 0
349 48 0
349 308 0
350 325 0
353 503 0
353 856 0
354 634 0
355 864 0
356 936 0
357 205 0
357 806 0
357 913 0
358 130 0
359 332 0
359 999 0
360 535 0
361 917 0
362 491 0
364 195 0
365 928 0
367 741 0
367 960 0
368 120 0
370 852 0
371 425 0
372 15 0
372 871 0
372 901 0
374 72 0
376 141 0
376 387 0
377 156 0
379 732 0
381 646 0
381 998 0
383 77 0
383 164 0
385 333 0
386 661 0
386 977 0
387 215 0
388 593 0
390 212 0
392 961 0
395 505 0
395 570 0
395 940 0
396 599 0
397 951 0
399 353 0
399 753 0
401 585 0
402 225 0
404 809 0
405 224 0
410 232 0
412 28 0
412 182 0
413 286 0
414 714 0
415 5 0
415 316 0
416 136 0
416 530 0
418 530 0
418 609 0
419 859 0
420 976 0
421 836 0
422 100 0
422 796 0
422 826 0
423 110 0
423 402 0
425 942 0
428 502 0
428 771 0
429 773 0
430 246 0
434 289 0
435 580 0
438 53 0
438 872 0
440 652 0
441 323 0
443 810 0
444 478 0
444 582 0
448 197 0
448 329 0
449 256 0
450 310 0
451 104 0
451 739 0
451 857 0
452 832 0
453 674 0
454 706 0
455 355 0
456 206 0
458 210 0
459 606 0
462 793 0
463 578 0
463 615 0
465 222 0
465 905 0
466 406 0
467 757 0
468 978 0
468 990 0
469 815 0
471 52 0
471 488 0
471 894 0
472 292 0
472 610 0
475 458 0
476 610 0
477 43 0
477 725 0
480 436 0
480 675 0
481 738 0
482 71 0
483 517 0
486 740 0
486 825 0
487 95 0
487 397 0
487 844 0
489 356 0
489 539 0
489 794 0
490 607 0
490 859 0
492 88 0
494 300 0
494 719 0
495 390 0
497 948 0
499 277 0
500 155 0
500 868 0
501 853 0
502 554 0
503 202 0
504 34 0
506 372 0
506 808 0
507 206 0
508 341 0
509 81 0
510 852 0
511 224 0
511 347 0
512 68 0
513 594 0
515 75 0
516 742 0
518 164 0
519 159 0
520 119 0
521 703 0
524 683 0
525 225 0
525 266 0
525 430 0
526 24 0
526 292 0
526 790 0
526 801 0
526 861 0
527 370 0
527 864 0
528 173 0
532 605 0
532 740 0
532 969 0
533 90 0
534 613 0
535 243 0
536 518 0
536 781 0
537 151 0
539 18 0
540 215 0
540 258 0
540 855 0
542 35 0
543 175 0
545 922 0
546 849 0
547 914 0
547 990 0
550 43 0
550 323 0
550 333 0
550 507 0
551 876 0
552 650 0
553 317 0
554 333 0
555 490 0
556 473 0
557 528 0
558 190 0
561 87 0
561 802 0
562 698 0
563 758 0
563 817 0
563 990 0
566 223 0
570 941 0
571 168 0
571 361 0
573 133 0
573 222 0
573 308 0
576 259 0
579 193 0
580 616 0
582 545 0
583 999 0
586 136 0
587 25 0
589 387 0
591 483 0
592 41 0
592 860 0
593 113 0
593 237 0
593 473 0
594 95 0
595 114 0
595 471 0
595 783 0
600 382 0
601 610 0
604 618 0
605 915 0
606 280 0
607 614 0
607 698 0
607 989 0
608 95 0
609 599 0
610 719 0
614 424 0
614 795 0
619 93 0
619 488 0
619 715 0
621 665 0
622 461 0
622 835 0
623 172 0
625 247 0
626 960 0
628 324 0
629 671 0
635 882 0
636 76 0
637 664 0
639 883 0
640 688 0
642 84 0
642 926 0
643 296 0
644 224 0
644 534 0
645 50 0
645 171 0
645 369 0
645 479 0
645 670 0
647 470 0
647 939 0
651 163 0
653 573 0
653 615 0
656 329 0
656 368 0
656 443 0
657 667 0
658 782 0
660 610 0
661 324 0
661 418 0
662 164 0
662 200 0
663 992 0
666 835 0
667 122 0
667 691 0
670 156 0
670 290 0
670 818 0
671 957 0
672 410 0
673 587 0
674 714 0
674 834 0
675 536 0
676 12 0
676 411 0
676 627 0
676 775 0
677 465 0
677 967 0
678 762 0
678 858 0
679 128 0
679 189 0
679 865 0
680 422 0
682 179 0
682 232 0
683 934 0
686 731 0
688 477 0
688 873 0
690 244 0
691 248 0
691 545 0
692 32 0
692 42 0
692 338 0
693 458 0
694 92 0
695 163 0
696 556 0
696 583 0
697 75 0
697 477 0
702 420 0
702 498 0
702 817 0
702 902 0
703 468 0
703 866 0
704 103 0
705 573 0
705 779 0
706 316 0
707 105 0
707 785 0
707 950 0
711 90 0
712 677 0
714 504 0
714 740 0
714 975 0
715 922 0
716 6 0
716 433 0
718 133 0
718 844 0
719 210 0
719 312 0
720 805 0
721 358 0
721 908 0
723 584 0
724 198 0
724 201 0
725 595 0
727 658 0
731 81 0
733 385 0
734 26 0
735 644 0
736 263 0
736 340 0
736 588 0
736 785 0
736 932 0
736 949 0
737 924 0
738 413 0
738 635 0
738 674 0
739 137 0
740 647 0
743 733 0
744 908 0
745 504 0
746 522 0
748 204 0
748 283 0
750 602 0
751 332 0
752 243 0
756 257 0
756 656 0
757 107 0
757 677 0
760 87 0
762 868 0
763 169 0
763 839 0
765 57 0
765 469 0
766 10 0
769 654 0
770 398 0
770 575 0
772 163 0
772 188 0
774 130 0
775 849 0
776 69 0
776 654 0
776 694 0
776 708 0
777 68 0
778 852 0
778 867 0
778 920 0
778 980 0
779 866 0
786 139 0
786 184 0
786 454 0
788 185 0
789 330 0
790 171 0
791 512 0
791 717 0
791 978 0
792 473 0
792 972 0
793 195 0
793 828 0
797 84 0
797 567 0
798 919 0
801 866 0
801 917 0
802 809 0
803 340 0
806 861 0
808 605 0
808 880 0
813 822 0
816 611 0
817 819 0
817 991 0
818 914 0
819 381 0
819 411 0
820 149 0
820 335 0
821 41 0
821 212 0
821 267 0
822 14 0
822 910 0
823 274 0
823 633 0
824 236 0
824 637 0
824 934 0
826 18 0
828 299 0
828 874 0
830 466 0
832 264 0
832 588 0
832 946 0
833 331 0
836 144 0
836 258 0
836 905 0
837 137 0
837 211 0
838 435 0
838 704 0
839 527 0
839 932 0
840 589 0
841 439 0
841 562 0
842 427 0
843 208 0
844 72 0
849 546 0
850 180 0
854 564 0
855 658 0
856 53 0
857 86 0
857 409 0
859 946 0
867 626 0
867 682 0
869 302 0
869 707 0
871 781 0
873 443 0
874 661 0
875 925 0
877 326 0
879 376 0
882 702 0
884 499 0
887 98 0
888 740 0
889 114 0
889 396 0
891 872 0
892 138 0
892 458 0
892 621 0
893 1 0
893 141 0
893 682 0
895 871 0
897 410 0
898 854 0
899 176 0
899 983 0
901 888 0
902 131 0
905 382 0
907 459 0
908 248 0
909 692 0
911 203 0
912 970 0
913 139 0
914 321 0
914 558 0
914 607 0
915 844 0
915 928 0
916 4 0
916 220 0
916 676 0
917 625 0
920 853 0
921 107 0
921 275 0
921 647 0
922 84 0
922 735 0
923 267 0
924 707 0
928 240 0
928 499 0
930 477 0
930 985 0
931 442 0
932 168 0
932 655 0
933 196 0
935 254 0
937 252 0
938 114 0
939 337 0
939 712 0
939 922 0
940 31 0
940 784 0
941 364 0
941 381 0
941 463 0
942 186 0
942 655 0
943 921 0
944 650 0
945 140 0
946 346 0
946 816 0
951 164 0
956 383 0
956 630 0
959 616 0
960 337 0
960 590 0
961 46 0
962 235 0
965 379 0
966 658 0
967 945 0
969 92 0
970 196 0
970 460 0
971 139 0
971 293 0
972 188 0
972 535 0
974 728 0
975 392 0
975 901 0
976 872 0
977 920 0
981 474 0
981 564 0
981 579 0
982 319 0
983 292 0
984 405 0
984 412 0
985 606 0
986 344 0
988 401 0
988 804 0
989 498 0
990 405 0
991 671 0
992 349 0
995 307 0
995 690 0
996 307 0
999 264 0
999 498 0
999 703 0
1000 827 0

